STID	1000	1080	1230	1420	1430	1450	1480	1720	3020	3010	3080	3120	3560	4090	4000	2530
Data & Ora	Arvier - Chamençon - Dora di Valgrisenche Pluviometro [mm] {Som}	Chamois - Lago di Lou Pluviometro [mm] {Som}	Fénis - Clavalité Pluviometro [mm] {Som}	Nus - Porliod Pluviometro [mm] {Som}	Nus - Les Iles - Dora Baltea Pluviometro [mm] {Som}	Pollein - Grande Place - Dora Baltea Pluviometro [mm] {Som}	Pontey - Dora Baltea Pluviometro [mm] {Som}	Valtournenche - Maen - T. Marmore Pluviometro [mm] {Som}	Grenella Pluviometro [mm] {Som}	Villeneuve Pluviometro [mm] {Som}	St-Denis Pluviometro [mm] {Som}	St-Barthelemy Pluviometro [mm] {Som}	Saint Vincent Terme Pluviometro [mm] {Som}	Roisan Pluviometro [mm] {Som}	Saint-Pierre - Lago delle Rane OTT [mm] {Som}	Booooo...
05/05/2012 19.00	0.4	0	0	0	0	0	0	0	0	0	0	0	0	0	0	0.9
05/05/2012 20.00	2.8	0	0	0	0	0	0	0	0	0	0	0	0	0	0	3.5
05/05/2012 21.00	1.4	0	0.2	1.4	0.8	1.8	0	0	0.6	0	0	0	0	0	0.2	1.8
05/05/2012 22.00	0	0	0.4	2.6	1.4	0.6	0	0.2	1.2	0	0.4	0	0.6	1	2	0.2
05/05/2012 23.00	0.2	0	0.2	0.2	0	0	0	0.2	0	0	2.2	0	3.8	0.6	0.2	0
06/05/2012 0.00	0	0	0.2	0	0	0	0	0	0	0	0	0	1.4	0	0	0.4
06/05/2012 1.00	0	0.2	0.2	0.4	0.2	0.2	0	0.2	0.2	0	0	0	0	0	0.2	0
06/05/2012 2.00	8.2	0	0.2	0	0	0.2	0.2	0	0	0	0	0.8	0	0.4	0.2	0
06/05/2012 3.00	0	0	0	0	0	0	0	0	0	0	0	0	0.2	0	0	0
06/05/2012 4.00	0	0	0	0	0	0	0	0	0	0	0	0	0	0	0	0
06/05/2012 5.00	0	0	0	0	0	0	0	0	0	0	0	0	0	0	0	0.1
06/05/2012 6.00	0	0	0	0	0	0	0	0	0	0	0	0	0	0	0	0.1
06/05/2012 7.00	0	0	0	0	0	0	0	0	0	0	0	0	0	0	0	0
06/05/2012 8.00	0	0	0	0	0	0	0	0	0	0	0	0	0	0	0	0
06/05/2012 9.00	0	0	0	0	0	0	0	0.2	0	0	0	0	0	0	0	0
06/05/2012 10.00	0	0.6	0	0.2	0	0	0	0.4	0	0	0	0	0	0	0	0
06/05/2012 11.00	0	0	0	0.2	0	0	0	0	0	0	0	0	0	0	0	0
06/05/2012 12.00	0	0.2	0.6	0	0	0	0	0	0	0	0	0	0	0	0	0
06/05/2012 13.00	0	0	0	0	0	0	0	0	0	0	0	0	0.4	0	0	0
06/05/2012 14.00	0	0	0	0	0	0	0	0	0	0	0	0.2	0	0	0	0
06/05/2012 15.00	0	0	0	0	0	0	0	0	0	0	0	0	0	0	0	0
06/05/2012 16.00	0		0	0	0	0	0	0	0	0	0	0	0	0	0	0
06/05/2012 17.00	0.2		0	0	0	0	0	0	0	0	0	0	0.2	0	0	0
06/05/2012 18.00	0		0	0	0	0	0	0	0	0	0	0	0	0	0	0
06/05/2012 19.00	0		0	0	0	0	0	0	0	0	0	0	0	0	0	0
06/05/2012 20.00	0		0	0	0	0	0	0	0	0	0	0	0	0	0	0
06/05/2012 21.00	0		0	0	0	0	0	0	0	0	0	0	0	0	0	0
06/05/2012 22.00	0		0	0	0	0	0	0	0	0	0	0	0	0	0	0
06/05/2012 23.00	0		0	0	0	0	0	0	0	0	0	0	0	0	0	0
07/05/2012 0.00	0	0	0	0	0	0	0	0	0	0	0	0	0	0	0	0
07/05/2012 1.00	0	0	0	0	0	0	0	0	0	0	0	0	0	0	0	0
07/05/2012 2.00	0	0	0	0	0	0	0	0	0	0	0	0	0	0	0	0
07/05/2012 3.00	0	0	0	0	0	0	0	0	0	0	0	0	0	0	0	0
07/05/2012 4.00	0	0	0	0	0	0	0	0	0	0	0	0	0	0	0	0
07/05/2012 5.00	0	0	0	0	0	0	0	0	0	0	0	0	0	0	0	0
07/05/2012 6.00	0	0	0	0	0	0	0	0	0	0	0	0	0	0	0	0
